bb_pvals
0.839761292024034
0.493870409154054
0.0734362506300907
0.832450305291094
0.820480800193728
0.981088842227343
0.616910735271561
0.526253549592896
0.708802749551332
0.883399454319416
0.944506888535183
0.860127402820922
0.140995534720915
0.440242468423425
0.939658117562137
0.68581534880941
0.430077998914265
0.670029217887056
0.394975681306346
0.689928775597169
0.640113431749446
0.54526096558081
0.995557082957698
0.0978147550236329
0.725608636760882
0.580118634878277
0.0444200270580071
0.830668472471051
0.585885395278313
0.977956569267345
0.325658653273786
0.250680929153501
0.00682243017004869
0.634948864131226
0.845048872193179
0.161682311361421
0.45948714877168
0.551779949437461
0.0215017345906297
0.726161472937439
0.123721807049784
0.830252245151218
0.324206043250334
0.0216318428728571
0.239888717402308
0.434010601322031
0.985749174657299
0.463006495775716
0.152117357546807
0.470556552758584
0.775264705409762
0.510012822674005
0.776678212976429
0.628016499404335
0.35853106898588
0.552987507020272
0.27213368009082
0.810001401985109
0.493741290794283
0.253828018005712
0.920814169924447
0.202602336959381
0.46034903867099
0.285706776154269
0.290215511489752
0.816120980106789
0.265450022302573
0.0237273551838225
0.0155505035576364
0.959408913686597
0.581982120119293
0.681023878014887
0.219095205757048
0.0511686153065882
0.25328295308854
0.791591985755288
0.228923630192207
0.800827387678656
0.619562775011375
0.297598569398989
0.914583336730466
0.454019084719666
0.0148905086483547
0.864844917574885
0.66564661219301
0.52715885584694
0.147146196746685
0.745490493389728
0.693576963262037
0.138691565781027
0.154964649350018
0.309947467575803
0.0414473194668347
0.729615109897062
0.00778283811212033
0.677708107946638
0.807671712008583
0.0368291143980364
0.401207413679099
0.711283402230426
0.62395635814206
0.75117485157538
0.320861536391934
0.563126275019563
0.0971158667842925
0.867521953588828
0.757357647995973
0.543012046469982
0.0861580911069378
0.123116300489511
0.560236626952508
0.81398508975795
0.58931129488948
0.322467760681126
0.755917804580048
0.436400873728956
0.21060495994483
0.541560034207124
0.668747597067576
0.464213865186418
0.0312782805800949
0.826672465275374
0.529208302787019
0.38861318354237
0.986611368551909
0.983784016104862
0.753296304753245
0.316581702051732
0.638824023642656
0.453606305158074
0.416208011939887
0.273367544900265
0.167557671673392
0.716988076848849
0.09763697283267
0.42727414973053
0.824636699224268
0.867326310732351
0.359498259463417
0.95001275343575
0.432863541782106
0.084274481888065
0.638500035896634
0.618610217677204
0.745871725981258
0.160449805046942
0.754035924315319
0.99207004857284
0.0579462444345201
0.30635031625952
0.686148445766772
0.270611048581956
0.812741041619754
0.170026988138112
0.353898174776261
0.249205681289107
0.236685254734296
0.928231158382304
0.545720000658335
0.65897331310764
0.0238899844151799
0.195751661782631
0.517692055325897
0.788227486103811
0.845131224162724
0.987965576367021
0.0138932820836694
0.21869960608362
0.806261928159579
0.113407076061149
0.80909415935172
0.872769668350998
0.305321694246615
0.0458424223422081
0.694512636115725
0.481591092742277
0.190818877286677
0.618510293039639
0.781473661631626
0.577445669702076
0.730470975814901
0.909916333651595
0.353035761159146
0.969509088382644
0.190915257186319
0.394925787112517
0.204983352157121
0.304449056160056
0.950462701403989
0.0807677130806961
0.561407390335819
0.33736256305638
0.453981181273595
0.710340056920148
0.286240897308874
0.368756792261613
0.247855665688021
0.0432942418560953
0.703607915436987
0.845411419032796
0.213780819961888
0.467953122545653
0.401884049636667
0.0650760421734867
0.661126085002479
0.375407582099071
0.221503439008158
0.0307624665109471
0.809336835341737
0.683201499152551
0.531275720337318
0.0142485909009488
0.353086484387377
0.425567886892105
0.326659045182658
0.606137453146548
0.212140252106655
0.795409552464013
0.164577742928417
0.493925129942971
0.317580907011704
0.733727622888784
0.997077859876817
0.329921172926644
0.354847856246576
0.803331354210568
0.581514758289892
0.0571747812021006
0.421426856921147
0.985222491507074
0.708323267509169
0.2977853861487
0.0411706435556717
0.945650516811699
0.0630961786399306
0.52811028540199
0.120458791324631
0.562778825109163
0.543776454940996
0.497977567741854
0.15293080044972
0.655944316788058
0.327554281849223
0.963103052944276
0.204364346808848
0.942841540173764
0.49043706988793
0.0719042137621394
0.819456672611433
0.224898189252321
0.238533964109285
0.436141631191519
0.283660979678855
0.82537633329494
0.797813421573933
0.673992020187865
0.127991021397582
0.992701536931689
0.483557392320878
0.622442868781369
0.408960149866538
0.966781845859975
0.516903749354974
0.6310786039939
0.446917625061266
0.324713372762702
0.196866704492486
0.628963715089005
0.487294096940844
0.270618786906001
0.335449892655411
0.167012452506204
0.999976923228681
0.550307826748337
0.000610818992305973
0.264433749165786
0.626663942135266
0.588638199305397
0.685033242939906
0.0653099478243582
0.438427098160545
0.4805407974954
0.374556128738215
0.915265235180808
0.68739338899596
0.504501446819339
0.541324591307732
0.89355000531834
0.84139240088473
0.594623710295766
0.310044116134285
0.862273743351077
0.513273302136246
0.311583964212914
0.305226946987459
0.312743324625875
0.385590161580696
0.585558885654583
0.348023444067943
0.120323513565024
0.688741181994121
0.771192046148507
0.136720816052437
0.749958362045136
0.435585120158131
0.0988160020477891
0.745130956848556
0.883847592177528
0.114721339092539
0.61340974613697
0.194113356351016
0.620786795917328
0.398225463271089
0.568962542628222
0.29173631864609
0.0570751541271085
0.108684860774057
0.609962767407631
0.938679344135381
0.453315420128673
0.103373484328296
0.639123604947899
0.671859102667939
0.323937188612288
0.751666287749941
0.0445777010264524
0.00112309940079169
0.00954955428884485
0.929841529690096
0.764928956231076
0.0362852435236224
0.0630734864226632
0.988188587707303
0.182717114027009
0.939959845126237
0.426924908595722
0.978025817133983
0.853367926042634
0.0193084341448193
0.515451057129352
0.519253644061956
0.0938834974585185
0.406270835776222
0.309915340726966
0.218691739312146
0.852819070818856
0.653840145248162
0.677612223854154
0.552281540032017
0.0539059623718936
0.785557695835328
0.992897344174019
0.467723444131685
0.455183219161229
0.257449523489237
0.554595906798819
0.881591850425766
0.828619779493769
0.997273578887533
0.83031095404616
0.478918381354155
0.643189875475516
0.76200781911705
0.629818556426684
0.0690189285752479
0.388837033117509
0.143560055176799
0.0185263634413729
0.0552978868934179
0.0429151559488767
0.0247150434488992
0.511176701273645
0.0644983434650024
0.512502154241485
0.936082863742726
0.351374748732634
0.154576045614935
0.047935583815586
0.504759343874701
0.600353173068325
0.427422684892109
0.169316664032367
0.0443874023292186
0.936589292776562
0.0364392500821477
0.580243986613746
0.542583733947872
0.867307862283727
0.411033228244253
0.195134026342402
0.296872694401135
0.383266186700805
0.0961718690787419
0.948795400676108
0.708854540295606
0.0398514210521195
0.00976359318637843
0.451176424312151
0.74819073591397
0.365262701104204
0.83703435998696
0.475878218084164
0.272517258013655
0.882339656126933
0.689977412010267
0.982348146435558
0.67213423513301
0.814693614548017
0.585812650611597
0.514764285216129
0.606756691713804
0.00783043850129539
0.248253826332648
0.7544102901748
0.755584475896677
0.315120731447706
0.467756827842108
0.715925116424588
0.516434746099081
0.284251048742545
0.965623057712606
0.511431228941206
0.211689476570072
0.733411211651699
0.359587126515196
0.836613178277965
0.198801370560744
0.618713522562371
0.22934018882646
0.657666382485167
0.380837057924314
0.522062575750188
0.140548494865298
0.600166580999799
0.156302759105905
0.811670410265609
0.339914774453918
0.0475203324385115
0.109710687423741
0.127931680795717
0.407184786895783
0.529655363007514
0.745370488226229
0.0788248638275552
0.932905213068806
0.425500443616212
0.959001080572901
0.787597989125642
0.0249232519665912
0.651605545832974
0.371912362396189
0.878880331657135
0.699246355798583
0.576599131898406
0.108166072665101
0.528726284750924
0.385407166421677
0.599061341428691
0.460316654792213
0.316477318749294
0.133412758099585
0.907827766012036
0.0987238304698499
0.224949609552364
0.289218549472112
0.231043939850887
0.576696734398944
0.361025201450602
0.255855736846364
0.934594316112635
0.913137245114046
0.33147755820101
0.490463920748765
0.50211068321538
0.701718762749237
0.502037732287641
0.880636976414422
0.587866006782449
0.381948348878056
0.330844632966587
0.954196725424907
0.798443786756508
0.55395016278258
0.430469415986483
0.793868263753299
0.618394400168579
0.255150753026379
0.713093354123019
0.184319195091194
0.0201353975112687
0.0800067518830833
0.289996470173668
0.288735724737401
0.940299603344575
0.076529855317248
0.918964538706869
0.770473854442053
0.870797166764218
0.245568831368609
0.192867643248032
0.378244131556264
0.256026951983796
0.576992644700744
0.71274440143033
0.341779901969231
0.757950720092357
0.0173119701641324
0.667251365988161
0.982337742072778
0.627400964612191
0.292064969168161
0.521456376472029
0.971924373411187
0.0170176932812822
0.121390444303793
0.702113421833818
0.125783620766314
0.0216813551415567
0.823671522889845
0.176336402375944
0.793347604226871
0.215976507943305
0.247303751263333
0.0566415005169311
0.219570419637612
0.0273602829127426
0.982179316861353
0.846865281164041
0.299534131887424
0.336140361045696
0.549025561311653
0.470450328701094
0.235656687953833
0.00034464892693753
0.928795192122821
0.00749957691649761
0.41931426355295
0.133534317957131
0.803241663994179
0.823514387638983
0.446794954812277
0.348407626809053
0.439201045063545
0.926513780315056
0.867055687723216
0.440844681366485
0.035035682890312
0.777504285417612
0.0781372059991865
0.586459910252614
0.905490043765419
0.411869728066688
0.0883618104431989
0.390430249986388
0.855414491721795
0.00347888767062465
0.980815309753526
0.139956729063625
0.881427972751116
0.545800447145398
0.679318342486139
0.691054384555311
0.812517550268932
0.396328038366585
0.34925326815176
0.365842900214542
0.0510247614479293
0.625135917014136
0.834064214235465
0.131441764864479
0.121679778915406
0.761996713456043
0.780639021825146
0.596482941972033
0.00343102302396636
0.557730312799984
0.557101623758494
0.0450837076396952
0.22349431854635
0.0774397914715228
0.276555472839881
0.103189531914073
0.666173147791343
0.982600056635609
0.768174919968702
0.308353703617687
0.984293157139747
0.292416439863321
0.231692724412932
0.120870938779757
0.256814131070032
0.709219184697377
0.124617985809109
0.210602527665887
0.801327641338718
0.943527508609652
0.851532286768399
0.804909941136061
0.442742645553395
0.585619161079844
0.497461975929923
0.711090099801591
0.305982539845968
0.874565142325892
0.680661274728638
0.0054756031547315
0.268499927647947
0.892221529718648
0.576385196946703
0.779011427482204
0.88429864489585
0.583085057684369
0.378189045090332
0.141853620696965
0.874087806519788
0.214312791002086
0.395496335048656
0.260492180650805
0.533445286098695
0.364172660545547
0.12038917465549
0.978940870107055
0.894764745111868
0.987668115384511
0.906761332215959
0.357083661675523
0.719171271807748
0.847434994489112
0.954055762272355
0.164987914646296
0.840225832850127
0.48339627260633
0.364004442111965
0.157401466984629
0.290800772152781
0.996498686461621
0.0120209168844707
0.00465303058718358
0.277491249671053
0.578453876964696
0.756147252497609
0.77491947496561
0.496015947515749
0.0917929306781886
0.884993451841489
0.11863770727602
0.732383038348397
0.0401801977709321
0.625499464845828
0.161835537388128
0.909184372552096
0.106522850145845
0.212376867285825
0.634811147282394
0.308078524392432
0.6430694234347
0.912016163142221
0.548224522704646
0.063869407383967
0.899611433155572
0.0047805072499395
0.79932658198769
0.288123382087431
0.421498525221893
0.34615679651283
0.588726685872572
0.919300304593865
0.189528658250369
0.144953300084195
0.65058008931863
0.7885167873275
0.729362761734734
0.422721591056596
0.25462198104793
0.301452672028879
0.936466864784037
0.128859098617846
0.649796713415391
0.0861289417425587
0.186340591291843
0.910567760273756
0.152539751052603
0.520143046945684
0.997129222473106
0.603030221508719
0.586684271158255
0.769537681572944
0.597937104586568
0.420514234728219
0.129747406957785
0.571537788625542
0.86170272040736
0.772375269023932
0.661022537065953
0.810598929077197
0.723397304960918
0.894446231503809
0.0015433027293682
0.553847612322313
0.50323135583208
0.70185464463075
0.617220665816732
0.606222816473954
0.162395364015137
0.457053733193285
0.225077946336399
0.702550229790623
0.548087328329038
0.649658278293372
0.309172145690093
0.14976103216664
0.717503281218789
0.462303203631257
0.224653731064535
0.779015156821952
0.250277016847174
0.467473279489536
0.248169383888046
0.906747529977237
0.0253164791685908
0.411008159825282
0.63053455577142
0.199480700979929
0.97164414755455
0.291780260857005
0.165290019028424
0.302575391696578
0.222555878978926
0.12825222593648
0.510169037067622
0.00179380509950189
0.802898074845521
0.565571123467851
0.354828458901442
0.949057801609323
0.836317672077891
0.840031089738855
0.228565141009718
0.398401873411166
0.290867843004845
0.376036936928452
0.0717642164868412
0.932457177362721
0.775433657920562
0.564806542992319
0.0395036571816859
0.175526239590672
0.778252325323161
0.0991484106148174
0.0695061252564566
0.217729908381261
0.0143422510808342
0.552084371408859
0.537048882288374
0.8669699878921
0.731130224895841
0.677430416637045
0.473133980120493
0.124481878528218
0.538251387998871
0.833251992734892
0.105863632965306
0.942330963236502
0.112525224138032
0.957122080428741
0.859497231065663
0.213899680215035
0.293399126185946
0.225630695671731
0.0305310024301543
0.581888702511286
0.884083960960327
0.426436375109308
0.936839387893483
0.0711573964168353
0.781730879317943
0.425006211558129
0.898517454502351
0.647285053713771
0.929632148558209
0.610847251019022
0.893493079439386
0.156581374131268
0.701103073545637
0.510117261386042
0.362935407251034
0.478483309802041
0.67597783023952
0.132524223850868
0.762735685258701
0.517535510824509
0.514509939725464
0.180633819699626
0.249224264840155
0.4096828934904
0.534119148847173
0.12505155524722
0.409416642672281
0.94727469581388
0.642534622478938
0.013736933057743
0.204536888271744
6.27863571210918e-05
9.07792282345277e-07
0.0558487775760065
0.00210969785417459
0.0169024184078258
0.111675193438816
0.203827289274081
0.311626277485925
0.0129872485811827
3.77859680600334e-05
0.000954608314861383
0.529214386465257
0.0186347076407086
0.0254607094470822
2.62316716451716e-05
0.00631253561159428
0.00145432222956465
0.00419671062805649
0.014915590857507
0.183280792949449
0.00367148371743653
0.00339772402701544
0.000564185393297278
0.120462365111689
0.000570416753022052
0.148262970606817
0.0333439842248511
3.77779526922195e-05
0.595420740729995
0.0108894618049399
0.39197432747529
0.000314970744214937
0.173176310573295
0.00021843907974195
8.35605544646789e-07
0.00198995740267249
0.00174232604410662
0.00120139638413064
0.0120905288542245
7.49806821972454e-05
0.00166359857599818
0.00904856718448221
0.101375268842535
0.00230777148468286
0.000163769312866324
0.00232413050511404
0.0202433199683458
0.000807523392551857
0.058449785520537
0.00969089193696426
0.212451683770571
5.44843944522144e-05
0.148061239658632
0.00516848885108168
0.0190734858326341
0.164201996148643
0.00617421091051518
0.0139366067678928
0.0953777056468357
5.36514859550419e-05
0.000471988068671325
0.155993901231153
0.00160300305498307
0.0012296378697052
0.00708970811490961
0.00402580882336778
0.000598906429882917
0.0538712523458362
0.263569612014502
4.32023959839878e-06
0.350238708707668
0.0199224339918259
0.00740850082999223
0.0952962035383695
0.118700318572247
0.00168724994884717
0.312593172616871
0.0578493862817331
0.00126226682319608
0.00195409023705728
0.000414350883836345
0.0577341136190244
0.00149604356458322
0.00615094261386817
0.000131125826145162
0.0365012458599275
0.0607714049820572
0.00390811594516982
2.13430138285009e-06
0.0461249798785364
5.38370501206309e-05
0.00011710242210583
0.262644674346739
0.73380372829012
0.208161719346303
0.00676979637732045
0.000176077864164181
0.00202003386226524
0.00945460333072334
0.0102086353594467
0.0330854407241004
0.0933057839575696
0.462380718511898
0.18279988643081
0.183627911628579
0.0132852080668254
0.000862509855485305
1.64768376312852e-05
0.00489130758690015
9.05495027806458e-05
1.80736473009979e-07
0.000983460257390045
5.71166886009777e-07
0.00129356234979461
0.0740247053947892
0.0320127814351167
0.00216408399812229
0.0218110559143824
0.0243220125763282
0.000173202242646719
0.582370789246678
0.0181077553469097
0.00461744038465339
0.00286884873354476
0.112402908980957
0.177924649355565
0.000540203178556964
7.39400211343666e-05
0.0320942333089813
0.00426671598774775
0.011179791486555
2.53979129534176e-05
0.000181428581716658
0.0034932576418516
0.00144996279363119
0.00338531206807413
0.0234003938117168
0.00461367396422885
0.147819735124524
0.00073394036101293
5.54909814360904e-05
0.070877142095594
1.12157754021958e-05
0.0175481205532784
0.000567002565264207
3.62474068661411e-05
0.00149626971755235
0.00206645914958725
0.0346403619528161
0.0636391488210685
0.0099310615471796
0.0436880110762161
0.089129188652819
0.0890167435632832
0.246108489298067
0.119000478873994
0.0236251047410568
0.0665121782166127
5.41395143949241e-06
0.699484459389524
0.0111662815400577
6.53569334524429e-05
0.0624202771669388
0.00170491127551409
0.369178150279424
0.00294979915204452
0.238243077961793
0.0273385201665373
0.00246724007391563
0.140342818145185
0.000129107055402145
2.27192654118635e-05
0.000301209882386022
0.000103610451026692
0.0647184804270167
0.00158940899169524
5.86068863062117e-06
0.122245616883524
0.0029320232060297
0.0284768111457281
0.000441969535092013
0.0022224948065197
0.0212518372276522
0.0125955472243124
0.359573580305264
0.00726105488232343
0.0655783092154431
0.0182417992202656
0.000629210051499074
0.00808941372098171
0.0064492353999942
0.0522593226306158
0.0382049976007964
0.00117899825570689
2.58040764766765e-06
0.118504550246936
0.0180855908856389
0.000344316226005392
